 0 2 3 4 5 6 22  	22 	23456 22
 0 3 4 5 6 7 21		42	34567 21
 0 3 11 2 4 5 10	30	3J245 10
 0 4 5 6 7 8 20		80	45678 20
 0 5 6 7 8 9 19		95	56789 19

 0 6 7 8 9 10 18	108	6789T 18
 0 7 8 9 10 11 17	119	789TJ 17
 0 8 9 10 11 12 16	128	89TJQ 16
 0 9 10 11 12 13 15	135	9TJQK 15
 0 11 3 4 2 5 9		90	J3425 9

 0 11 5 4 3 2 8		88	J5432 8
 1 2 2 3 4 5 13		156	22345 13
 1 3 2 2 4 5 12		156 	32245 12
 1 3 3 2 4 5 11		154	33245 11
 1 10 11 12 13 14 14	210	TJQKA 14

 1 11 11 2 4 3 7	112	JJ243 7
 1 12 11 2 5 6 6	102	QJ256 6
 2 12 8 12 2 4 4	72	Q8Q24 4
 2 12 12 5 6 2 5	95	QQ562 5
 4 13 11 11 13 13 2	40	KJJKK 2

 5 10 11 11 11 11 2	42	TJJJJ 2
 5 14 14 14 14 10 3	66	AAAAT 3
 5 14 14 14 14 11 3	69	AAAAJ 3
 6 11 11 11 11 11 1	24	JJJJJ 1
